
h_BB_reversedOrder_max = [.000647441;
        -3.63489e-5;
        1.99533e-5;
        -.000477628;
        -3.85194e-5;
        .00179907;
        .00190134;
        .00090054;
        .000763857;
        .00120679;
        .000701309;
        -.000228958;
        -.000705672;
        -.000921864;
        -.00111964;
        -.00124332;
        -.000650712;
        -.00027462;
        -.000236774;
        -.000463898;
        -.000995261;
        -.00109391;
        -.000969487;
        -.000879068;
        -.00166541;
        -.00259317;
        -.00277906;
        -.00242538;
        -.00175648;
        -.000829365;
        -.000567761;
        -.000739102;
        -.00127981;
        -.00173369;
        -.00133207;
        -.000754981;
        .000232262;
        .000533809;
        .000366466;
        .00027916;
        .000308424;
        .000837594;
        .00108294;
        .00139431;
        .00123353;
        .00043857;
        -.000241727;
        -.000782751;
        -.000833289;
        -.00022654;
        4.23091e-5;
        .000102519;
        .000122918;
        -.000289276;
        -.000430911;
        -.00027781;
        -.000547041;
        -.000605317;
        -.00108093;
        -.00188694;
        -.00209452;
        -.00211638;
        -.0020903;
        -.00219707;
        -.00198443;
        -.00152169;
        -.00089682;
        -.000125363;
        .000218061;
        .000267258;
        .000430709;
        .000767514;
        .00083293;
        .000643584;
        .00028945;
        .000350858;
        .000648133;
        .00144458;
        .00244328;
        .00221819;
        .00159097;
        .0016531;
        .00195066;
        .00208343;
        .00161807;
        .00113558;
        .000566107;
        .000613533;
        .00104324;
        .00079424;
        .000379815;
        -3.26232e-6;
        -7.18036e-5;
        -.000719043;
        -.00100572;
        -.00107629;
        -.00114897;
        -.00117877;
        -.00116321;
        -.000813127;
        -.000167284;
        .000832219;
        .00157034;
        .00189364;
        .00177573;
        .00146276;
        .00124948;
        .0010717;
        .00104494;
        .00143629;
        .00173495;
        .00154313;
        .00136852;
        .00112065;
        .00156072;
        .001696;
        .00164155;
        .00130445;
        .000641458;
        .000151811;
        -.000247385;
        -.000245381;
        -.000164346;
        .000435043;
        .000713775;
        .000260033;
        -.000206158;
        -8.00945e-5;
        .000208777;
        .00066332;
        .000481602;
        -6.5208e-5;
        -.000525617;
        -.00100142;
        -.00103654;
        -.000686534;
        -1.80606e-5;
        .000405943;
        1.58674e-5;
        -.000688362;
        -.0011637;
        -.000787888;
        .000290514;
        .00113505;
        .000636474;
        -.000432895;
        -.000580817;
        -.000253689;
        .000670263;
        .00133963;
        .00168371;
        .00211089;
        .00249314;
        .00246688;
        .00156621;
        .000324265;
        -.000752525;
        -.00164831;
        -.00237526;
        -.00268204;
        -.00220075;
        -.00115207;
        2.04383e-5;
        .000476263;
        .000290317;
        .000181562;
        .000485985;
        .000625446;
        -.000200787;
        -.00131331;
        -.00222809;
        -.00247006;
        -.00222483;
        -.00208526;
        -.00151522;
        -.00067526;
        -.00027874;
        -.000375885;
        -.00129033;
        -.00193142;
        -.00177103;
        -.00130056;
        -.0013296;
        -.00125115;
        -.00105221;
        -.000647802;
        .000286893;
        .000705221;
        .0011536;
        .00158346;
        .00132779;
        .000398729;
        -.00052554;
        -.001149;
        -.000670817;
        .000527795;
        .00127965;
        .00116642;
        .00092741;
        .00113384;
        .00169685;
        .00245686;
        .001888;
        .000597453;
        -.000444532;
        -.000889364;
        -.000660077;
        -.000480225;
        -.000663712;
        -.000650612;
        -.000875602;
        -.000642231;
        -3.87059e-5;
        -8.95711e-6;
        .000305924;
        .000687476;
        .000363243;
        -.00079901;
        -.00126426;
        -.000393841;
        .00154074;
        .00314321;
        .00343283;
        .00252095;
        .000547321;
        .000319775;
        .00205554;
        .00331518;
        .00419724;
        .00353583;
        .000751488;
        -.00124101;
        -.000405035;
        .00248308;
        .00462061;
        .00440576;
        .00278033;
        .000492979;
        -.00100608;
        -.00061201;
        .0005346;
        .00193925;
        .00310979;
        .0030182;
        -2.8814e-5;
        -.00442152;
        -.00566411;
        -.00366466;
        -.00174105;
        -.001206;
        -.00317012;
        -.0059643;
        -.00621918;
        -.00299398;
        .000471503;
        .00103929;
        -.000792644;
        -.00282787;
        -.00307923;
        -.00302664;
        -.00161638;
        .00208281;
        .00298738;
        .00285292;
        .0047966;
        .00283478;
        .00162784;
        .00420368;
        .00793046;
        .00997283;
        .00389983;
        -.00201859;
        -.00139006;
        .00222552;
        .0111845;
        .0161785;
        .00889661;
        .00302252;
        .000694591;
        -.00394777;
        -.00481946;
        .00084498;
        .00621173;
        .00188993;
        -.0121628;
        -.0144574;
        -.000481941;
        .0136573;
        .0180817;
        .00488765;
        -.0185161;
        -.0299138;
        -.0215036;
        -.0100662;
        -.0163327;
        -.023756;
        -.0214363;
        -.0253801;
        -.00801681;
        .0221656;
        .0394;
        .0334961;
        .011861;
        4.55421e-7;
        -.00839102;
        -.00340085;
        .00447564;
        -.000294879;
        -.00498842;
        -.00276394;
        .000915413;
        -6.29117e-5;
        -.00203013;
        -.00134873;
        -.00010232;
        -.000452946;
        -.00107852;
        -.000778152;
        -.000440798;
        -.000511769;
        -.000505652;
        -.000731812;
        -.000526609;
        -.000209117;
        4.07494e-5;
        .000352071;
        .000893262;
        .000697185;
        .000720454;
        .000957629;
        .00118745;
        .00128856;
        .00119146;
        .00111577;
        .00117017;
        .00159707;
        .00133121;
        .000856462;
        .000324971;
        .000363686;
        .000835385;
        .000861064;
        .00105675;
        .00135854;
        .00220741];
